molecule {
 1 1
C    -3.725190  -1.525139   0.086178
H    -0.590972  -1.293986  -0.887582
C    -3.875636  -1.423014  -1.323069
C    -5.143271  -1.577144  -1.906698
C    -6.236065  -1.817968  -1.078114
C    -6.074954  -1.897236   0.316641
H    -4.740359  -1.816524   2.004218
C    -4.824141  -1.747405   0.921806
C    -1.671549  -1.100318  -0.859737
C    -2.568759  -1.174361  -1.884435
H    -5.265038  -1.511039  -2.990108
H    -7.229948  -1.946252  -1.511865
H    -6.946088  -2.086473   0.947732
H    -2.318542  -1.144548  -2.944017
N    -2.352228  -1.307536   0.370196
C    -1.707729  -1.167024   1.568674
O    -0.654041  -0.500432   1.629941
C    -2.238167  -1.805984   2.813700
H    -2.982330  -1.144725   3.288353
H    -2.708686  -2.775828   2.607233
H    -1.403243  -1.929774   3.515130
O     0.935337  -2.430477  -0.120234
O     1.818966  -0.367016   0.096686
C     1.855733  -1.663714   0.071809
C     3.292923  -2.191706   0.344498
C     4.357682  -1.610318  -0.625229
F     3.312152  -3.524906   0.228050
F     3.645207  -1.858143   1.610336
F     4.642943  -0.338412  -0.323945
F     3.883371  -1.650747  -1.879710
F     5.478073  -2.317821  -0.567140
Ir    0.147882   0.834479   0.135003
C     1.191291   2.551601  -0.685062
C    -0.549137   2.767048   0.902904
C    -1.151627   2.556326  -0.376933
C    -0.071917   2.402521  -1.358278
C     0.909500   2.727938   0.734464
C    -2.613397   2.592403  -0.694194
C    -1.252122   3.015083   2.197830
C     1.927838   2.970627   1.798425
C     2.555193   2.526278  -1.296748
C    -0.265518   2.213539  -2.827876
H    -3.228225   2.334923   0.178632
H    -2.871820   1.900996  -1.506818
H    -2.899299   3.609421  -1.013798
H    -0.732337   2.536650   3.039695
H    -2.288877   2.654153   2.178217
H    -1.280177   4.100031   2.398913
H     2.872305   2.457435   1.573408
H     1.578494   2.635338   2.784366
H     2.137896   4.053103   1.865346
H     3.233471   1.868011  -0.735789
H     2.981533   3.543475  -1.295911
H     2.528397   2.172480  -2.335303
H    -1.190645   1.665656  -3.049038
H     0.575896   1.675359  -3.284388
H    -0.336458   3.201488  -3.316050
}

asdf = 2
asdf += 1
nrg = energy('b3lyp')
